4042 2605 600 2605 4042
43 3781 1807 3781 43
1022 1173 -1204 1173 1022
3472 4738 2329 4738 3472
-193 323 4469 323 -193
2090 992 3083 992 2090
2762 3749 1769 3749 2762
2059 -3831 -2251 -3831 2059
3023 -4584 -852 -4584 3023
-2825 -1051 -4007 -1051 -2825
-1230 4354 -759 4354 -1230
-4998 4516 3234 4516 -4998
-3852 2861 4110 2861 -3852
1363 -2294 1601 -2294 1363
370 3166 2596 3166 370
-4305 199 4023 199 -4305
-4204 -3947 3120 -3947 -4204
1285 4392 -3546 4392 1285
-3059 2972 3457 2972 -3059
469 4380 -849 4380 469
-3822 -3545 -471 -3545 -3822
1760 -4121 -3644 -4121 1760
3156 539 249 539 3156
2637 2857 382 2857 2637
-3797 300 1283 300 -3797
-3797 300 1283 300 -3797
2637 2857 382 2857 2637
3156 539 249 539 3156
1760 -4121 -3644 -4121 1760
-3822 -3545 -471 -3545 -3822
469 4380 -849 4380 469
-3059 2972 3457 2972 -3059
1285 4392 -3546 4392 1285
-4204 -3947 3120 -3947 -4204
-4305 199 4023 199 -4305
370 3166 2596 3166 370
1363 -2294 1601 -2294 1363
-3852 2861 4110 2861 -3852
-4998 4516 3234 4516 -4998
-1230 4354 -759 4354 -1230
-2825 -1051 -4007 -1051 -2825
3023 -4584 -852 -4584 3023
2059 -3831 -2251 -3831 2059
2762 3749 1769 3749 2762
2090 992 3083 992 2090
-193 323 4469 323 -193
3472 4738 2329 4738 3472
1022 1173 -1204 1173 1022
43 3781 1807 3781 43
4042 2605 600 2605 4042
